0.02976893284
0.02104982598
0.01718712188
0.01488449394
0.01331310496
0.01215315463
0.0112516424
0.009923029268
0.009413818501
0.00859361289
0.00795615035
0.007442307309
0.006829543537
0.006346846982
0.005838266074
0.005435144849
0.005031983664
0.004649252314
0.00429691273
0.003943142271
0.003664465559
0.003370846551
0.003120826285
0.002878083405
0.002652259148
0.002447244477
0.002263566232
0.00208454513
0.001925923687
0.001776229667
0.001639125987
0.001513680324
0.001396075718
0.001288766228
0.001188508301
0.0010972194
0.00101233553
0.0009343132401
0.0008620972056
0.0007955477433
0.0007343073805
0.0006777972968
0.0006257486187
0.0005776747363
0.0005334541112
0.000492788906
0.0004553672468
0.0004209668082
0.0003893934228
0.0003605414877
0.0003342038604
0.0003102832506
0.0002886687881
0.0002693289455
0.0002522296266
0.0002373723515
0.0002248083232
0.0002146224626
0.0002069263425
0.0002018586303
0.0001995701677
0.0002002161322
0.0002039462181
0.0002109050982
0.0002212391295
0.0002351200537
0.0002527580975
0.0002744370651
0.0003005313307
0.0003315315562
0.0003680647083
0.0004109146017
0.000461047554
0.0005196355677
0.0005880870783
0.0006680843254
0.0007616251755
0.0008710730299
0.0009992171569
0.001149340014
0.00132530992
0.001531668093
0.001773758169
0.002057852375
0.00239132005
0.002782817886
0.003242512138
0.003782341861
0.0044163345
0.005160961314
0.006035571244
0.007062892979
0.008269622239
0.009687118135
