992.5319856
701.8261129
573.0387593
496.2662692
443.8741858
405.1999732
375.1424048
330.8447275
313.8669747
286.520234
265.266375
248.1341448
227.7037451
211.6099512
194.6531153
181.2124413
167.7704132
155.0095223
143.2619142
131.4665622
122.1749395
112.3850703
104.0488301
95.95518338
88.42558541
81.58976893
75.46530147
69.49602991
64.2068636
59.21526024
54.64334774
50.46002688
46.53799182
42.95906062
39.61502713
36.56981188
33.73784261
31.13429077
28.72386697
26.50181173
24.45607267
22.5671631
20.82590041
19.21575107
17.73232101
16.36521918
15.10344112
13.93881467
12.86389819
11.87400898
10.96065263
10.11866502
9.341855519
8.626191887
7.966775826
7.359047742
6.799297935
6.284109435
5.810146716
5.374518888
4.974467278
4.607696767
4.271993259
3.965512546
3.686689972
3.434110813
3.206757863
3.003794602
2.824689421
2.66915988
2.537165449
2.428869161
2.34457158
2.284641839
2.249425698
2.239162033
2.253926075
2.293610614
2.357952443
2.446594407
2.559175533
2.69541106
2.855174866
3.038546938
3.24585247
3.47767971
3.734885308
4.018594155
4.330199362
4.671354514
5.043975235
5.45023956
5.892590493
6.373744176
