0.0009999433087
0.001999886617
0.002999829926
0.003999773235
0.004999716543
0.005999659852
0.006999603161
0.008999489778
0.009999433087
0.0119993197
0.01399920632
0.01599909294
0.01899892286
0.02199875279
0.02599852603
0.02999829926
0.0349980158
0.04099767566
0.04799727882
0.05699676859
0.06599625837
0.07799557808
0.09099484109
0.106993934
0.1259928569
0.1479916097
0.1729901924
0.203988435
0.2389864508
0.2809840697
0.3299812919
0.3869780605
0.4549742054
0.5339697268
0.6279643978
0.7369582185
0.8659509053
1.016942345
1.194932254
1.403920405
1.648906516
1.936890189
2.274871027
2.672848464
3.139821989
3.687790922
4.331754413
5.088711498
5.978661043
7.022601857
8.249532297
9.690450604
11.38435457
13.37324181
15.70910938
18.45395376
21.67877093
25.46655619
29.91630391
35.14300758
41.28365944
48.49625053
56.96977012
66.92420576
78.61654287
92.35376405
108.4898492
127.4457745
149.7135121
175.872029
206.6012868
242.6992403
285.1048361
334.9200119
393.4386942
462.1817968
542.9362185
637.8008402
749.2415221
880.1521002
1033.937381
1214.591139
1426.811108
1676.110974
1968.96937
2312.997866
2717.136953
3191.888037
3749.591419
4404.739275
5174.357642
6078.448385
7140.506172
8388.131439
