0.0318387501
0.02251401657
0.01838312729
0.01592069734
0.01424030026
0.01299991743
0.0120359194
0.01061527333
0.01007081246
0.009193863048
0.008512336413
0.007963004245
0.007307963123
0.006792005229
0.006248430488
0.005817618593
0.005386816196
0.004977904953
0.004601530346
0.004223708412
0.003926158142
0.00361274172
0.00334595366
0.003087031697
0.002846268965
0.002627812402
0.002432214249
0.002241717466
0.002073076366
0.001914088912
0.001768648523
0.001635760649
0.00151138273
0.001398110087
0.001292517401
0.001196621409
0.001107723202
0.001026298561
0.0009512407857
0.0008823993979
0.0008193947711
0.0007616202167
0.0007087877954
0.0006603882652
0.0006162798468
0.0005761391403
0.0005396274722
0.0005064913942
0.000476499301
0.0004494953463
0.000425218828
0.0004035011679
0.0003841480468
0.0003670208967
0.0003519607016
0.0003388205686
0.0003274769193
0.0003178167998
0.0003097354389
0.0003031444255
0.0002979676158
0.0002941470577
0.0002916392025
0.0002904195173
0.0002904818724
0.0002918400006
0.0002945282632
0.0002986034738
0.0003041454973
0.0003112592775
0.0003200765522
0.0003307580692
0.0003434974049
0.0003585243676
0.0003761103935
0.0003965757362
0.0004202978566
0.0004477219381
0.0004793740942
0.0005158763665
0.000557967897
0.0006065245811
0.000662588656
0.0007273970312
0.0008024189494
0.0008893977993
0.000990399276
0.001107867699
0.001244692762
0.0014042839
0.001590660624
0.001808556534
0.002063540755
0.002362161907
