1275.416391
901.8552428
736.3617335
637.7080393
570.3834965
520.6866013
482.0622087
425.1390693
403.3224137
368.1814537
340.8699283
318.8547516
292.6013681
271.9205826
250.1307638
232.8592627
215.5860109
199.1880205
184.0921046
168.9348203
156.994868
144.4146393
133.7023423
123.3017642
113.6259829
104.8417096
96.97152111
89.30073753
82.50389074
76.0893958
70.21419381
64.83832181
59.79818299
55.19892113
50.90148248
46.98801355
43.34854633
40.00258079
36.90476838
34.04899685
31.41978278
28.99208936
26.75412449
24.68465078
22.77803641
21.02094621
19.39926209
17.90251353
16.52117846
15.24929193
14.0760065
12.99477382
11.99775295
11.07990641
10.23512571
9.457790735
8.743436796
8.088055347
7.487845393
6.939698895
6.440831872
5.989227748
5.583188116
5.221713733
4.904396284
4.631259368
4.402985521
4.220575315
4.08532656
3.998581605
3.961519365
3.974967293
4.039310067
4.154528667
4.320361952
4.536561325
4.803170934
5.120790337
5.490800703
5.915539725
6.398485654
6.944375673
7.559405451
8.251393005
9.030034514
9.907196943
10.89727423
12.01762468
13.28910785
14.73669002
16.39019135
18.28514438
20.46379094
22.97625388
