0.03013589292
0.0206672434
0.01684391273
0.01462508603
0.01307644013
0.01194695646
0.01104516694
0.009734998049
0.009233099898
0.008433270797
0.007816443858
0.007318509051
0.00671975282
0.0062429
0.005738896202
0.005339402701
0.004938727262
0.004557892503
0.004210699999
0.003864473749
0.003592762646
0.003305802638
0.003060570991
0.002822864249
0.002602864467
0.002401528543
0.002222197609
0.002046895316
0.001890696311
0.001742750709
0.001607689794
0.001484707572
0.001369749919
0.001265457042
0.001167734863
0.001079011704
0.0009960418701
0.0009202283308
0.0008504861087
0.0007869784028
0.0007290696149
0.0006758034848
0.000626997304
0.0005815799337
0.0005403709841
0.0005030098287
0.0004685839523
0.000436572646
0.0004070180186
0.000378828493
0.0003529247505
0.0003288109919
0.000307005627
0.0002870748538
0.0002689636272
0.0002530018815
0.0002385583725
0.000225554622
0.0002147913568
0.0002061024716
0.0001991769687
0.000194504459
0.0001934870038
0.0001962544662
0.000202941176
0.0002152641148
0.0002329758304
0.0002554850478
0.0002841137826
0.000319000961
0.0003606192216
0.0004104859988
0.0004698882845
0.00053979644
0.0006215459158
0.0007175682711
0.000830070209
0.0009616053228
0.001114814642
0.001292062772
0.001495935597
0.00172904793
0.001995114275
0.002298914635
0.002646076371
0.003044378466
0.003501316335
0.004020014396
0.004602338818
0.005208446338
0.00569199628
0.005981157775
0.006040158795
0.005860137348
