0.036937365
0.03296962512
0.03577855119
0.03920799607
0.04170652221
0.04308932319
0.04360122374
0.04313213525
0.0425488661
0.04118884434
0.03980691212
0.03847258881
0.03651761641
0.03448576819
0.02988052875
0.0235075294
0.01669552435
0.01005854447
0.00559880141
0.007740672918
0.0105711675
0.009932823872
0.005145066398
0.005117537023
0.006665725187
0.003223723247
0.005275417179
0.003221411973
0.002779356072
0.003020761109
0.00274794975
0.002214878342
0.002381868951
0.002023691139
0.002038905373
0.001951773933
0.002099235277
0.002114327913
0.002260308575
0.002399812313
0.002607070404
0.002874824188
0.003177972208
0.00352262217
0.00388496596
0.004258146571
0.004593782277
0.004843579069
0.004961264117
0.004907963418
0.004687384256
0.004362959889
0.004007788841
0.003631886679
0.003245037178
0.002859804363
0.002392612532
0.001916773308
0.001558153813
0.001302052488
0.00114070891
0.001041574927
0.0009722055666
0.0008756452335
0.0007846809505
0.0007293819103
0.000701348996
0.0006642863545
0.0006613911942
0.0006740288083
0.0007014332945
0.0007479010409
0.0008076257707
0.0008819137229
0.0009621373943
0.001041317007
0.001115004095
0.001181476427
0.00125050151
0.001325955147
0.001410805273
0.001502545149
0.0015961207
0.001689302168
0.001781258731
0.001869967707
0.001948765625
0.002003011693
0.001979703685
0.001773201975
0.001504925573
0.001275524943
0.001099718106
0.0009354336306
