2151.414392
1116.418874
770.4657439
596.8438941
492.202371
422.085062
371.721051
303.9812059
280.0330124
243.7559426
217.4795846
197.4898698
175.0037923
158.2950399
141.6135111
129.0391135
117.0131039
106.0831009
96.42004879
87.0824671
79.97036808
72.69565687
66.66789706
60.95333018
55.75130708
51.11786192
47.03407311
43.1111593
39.67948263
36.47656356
33.57145441
30.93570928
28.48296772
26.25951791
24.1941331
22.32314913
20.59141058
19.00629158
17.54475009
16.20269807
14.97186314
13.83974261
12.80022141
11.84294718
10.96491573
10.15963428
9.420341051
8.742014476
8.120111084
7.551710465
7.031723846
6.557001168
6.123827067
5.729701875
5.371637987
5.046837402
4.752952555
4.487770108
4.249098891
4.034953086
3.843391383
3.672676904
3.521095155
3.387095514
3.269254374
3.166235008
3.076910634
3.000301511
2.935663556
2.882518863
2.840725341
2.810559557
2.792820448
2.788963388
2.8012559
2.832955629
2.88849546
2.973650991
3.095661225
3.263271013
3.486707693
3.777587561
4.148873805
4.614907178
5.191626433
5.896962208
6.75138805
7.778597943
9.006291632
10.46701917
12.19915057
14.24795428
16.66682408
19.51870987
