507.2780745
725.7974824
785.9038637
745.1175334
675.8486983
607.632651
550.3077603
468.6363008
439.6892264
395.6630631
362.4991579
336.0067582
304.9978538
280.8622774
256.1548672
236.8401095
218.3914715
201.4330077
186.2876268
170.6078322
158.2467344
145.1851254
134.2763398
124.0810826
114.8846666
106.815701
99.37260055
91.43719885
84.34675976
77.13428366
69.72480787
61.21833666
53.82646541
48.09040078
42.80711306
43.04648502
43.14937328
42.21862368
42.17179331
41.60290861
40.25584572
38.76935839
34.57972289
30.17552049
24.73967889
19.2752771
16.04541279
15.27858281
13.37397865
13.75521181
13.12398901
9.94229517
9.580761503
9.500507941
8.191805398
8.062076389
6.961865112
6.568920911
6.123906993
5.765450507
5.360853379
5.177024277
4.7809047
4.505309487
4.250152398
4.025982343
3.867247196
3.734721051
3.643203913
3.607700322
3.633368937
3.687159525
3.765099605
3.877804072
4.02670629
4.217304976
4.450761359
4.714325985
5.016887905
5.378145646
5.798478282
6.305623981
6.923191644
7.657705477
8.534277888
9.597132691
10.91975226
12.49579743
14.30000418
16.24646858
17.86566884
18.83593769
18.74500421
17.5842917
