0.1073831232
0.07484387878
0.06081326648
0.05253849905
0.04692448822
0.04279578239
0.03959523871
0.03489053452
0.03309095334
0.03019617036
0.02794948538
0.02614038977
0.02398516122
0.02228900549
0.02050339809
0.01908915773
0.0176757769
0.01633498662
0.01510156074
0.01386407951
0.01289003374
0.01186459802
0.0109922205
0.01014607212
0.009359795379
0.008646893176
0.008009102274
0.007388519455
0.006839718491
0.006322955207
0.005850882753
0.005420239639
0.005017915948
0.004652293668
0.004312297011
0.004004394426
0.003719883176
0.003460257144
0.003221945051
0.003004422809
0.002806425403
0.00262597178
0.002462077479
0.002313065778
0.00217838686
0.002056917582
0.001947484003
0.001849163746
0.001761091461
0.001682614895
0.001612770928
0.001550863467
0.001496123924
0.001447946237
0.001405673622
0.001368693584
0.001336470675
0.001308512404
0.00128436278
0.001263626255
0.001245955765
0.00123107287
0.001218757013
0.001208866425
0.001201345366
0.001196237728
0.001193716362
0.001194109267
0.001197943422
0.001205997207
0.001219365857
0.001239537311
0.001268476332
0.001308704284
0.001363365566
0.001436268223
0.001531889033
0.001655350514
0.001812394439
0.002009380146
0.002253360906
0.002552211823
0.002914867873
0.003351591676
0.003874316497
0.004497021669
0.005236148325
0.006111068894
0.007144630985
0.008363758378
0.009800174895
0.01149123728
0.01348090671
0.01582089942
