0.03093151177
0.02181961583
0.01790553746
0.01560899447
0.01401948375
0.01285145175
0.01192425367
0.01055114887
0.01001895227
0.009157651649
0.008485957708
0.007942838237
0.007290983119
0.00677874626
0.006221095488
0.005760083674
0.005307182866
0.004880728755
0.004497074768
0.004137938107
0.003857233764
0.003549050133
0.003272973581
0.003020254683
0.002789226311
0.002565220163
0.002381167374
0.002190293629
0.002025173881
0.001870848532
0.001727607874
0.001595311338
0.001474114384
0.001362610034
0.00125912419
0.00116497101
0.001079254886
0.001000192633
0.0009290549729
0.0008638132172
0.0008040608681
0.0007500436894
0.000701789499
0.0006586901552
0.00062202984
0.0005909376874
0.0005628808835
0.0005371743767
0.0005128703722
0.0004882044195
0.0004639382662
0.0004412671158
0.0004199930072
0.0003991855906
0.0003790040991
0.000359967899
0.0003409317476
0.0003249458032
0.0003142388931
0.0003073489608
0.00030278673
0.0003000118583
0.0002973221965
0.0002948868682
0.0002934935133
0.0002928594275
0.000292115
0.0002902325478
0.0002883596597
0.0002871664872
0.0002885165575
0.0002944467571
0.0003047206885
0.0003181288653
0.0003355143824
0.0003569547514
0.0003830370072
0.0004157054983
0.0004569604942
0.000506343027
0.0005666999951
0.0006401657595
0.0007257835322
0.0008236456845
0.0009340008425
0.001057371214
0.001192187271
0.001331514193
0.001464479975
0.001569855333
0.001618682933
0.001634290629
0.001643777247
0.001723058336
