448.3637816
631.325184
677.420044
635.3778959
569.9865756
507.1240297
455.1904211
384.0383068
359.470996
322.1472715
294.7696914
272.5479697
245.9597007
226.1045461
206.0536482
189.7447063
174.3475249
160.1497423
147.3854049
134.4903745
124.3791966
113.8188752
105.1090349
96.92918775
89.44627788
82.98313441
77.04186549
70.84153865
65.31114592
59.59278846
53.77843931
47.48125977
42.13874323
38.16010558
34.33795305
34.27363559
34.09139901
33.21513316
33.09509836
32.27598466
30.73434878
28.94612056
25.13662437
21.51077771
17.74068974
14.30547675
12.40900822
12.13010793
10.31188825
10.16276428
9.892579856
7.71317008
7.452139678
7.192853965
6.431320929
6.233664818
5.503584555
5.194650096
4.833049437
4.488522242
4.124812339
3.915745899
3.624539873
3.409019265
3.218628415
3.032943204
2.867761745
2.699295866
2.576852621
2.485901021
2.446305523
2.438553383
2.431008603
2.439546399
2.455049301
2.475987191
2.520342696
2.586312935
2.654873507
2.72427271
2.805246639
2.917222837
3.062738843
3.248989391
3.475406201
3.711644644
3.95421253
4.225127508
4.505581231
4.720285113
4.770730501
4.512103716
3.878653167
3.269496852
