510.1352038
703.435567
735.9140038
666.554821
574.2757215
490.02157
423.0292795
336.2692758
308.2404003
267.1600972
237.7996072
214.4395817
187.5680514
168.6421797
150.4052132
135.8892098
122.5965326
110.2597001
100.2289465
89.96707972
82.3870899
74.64991057
68.1835654
62.18285828
56.92468849
52.25865655
48.26231241
44.27075147
40.87341936
37.60010751
34.38961783
31.10832888
27.92151734
25.20294753
22.79936212
21.32581919
20.06680027
18.84477526
17.62894106
16.61598487
15.81238283
15.02567768
14.00729478
12.8190322
11.36541409
9.867347995
8.747240671
8.007848732
7.417126042
7.107913338
6.545343332
5.755718617
5.344108089
5.054878318
4.517625206
4.255905403
3.860176495
3.589149235
3.339721731
3.122248479
2.916083576
2.754245794
2.551598976
2.380636256
2.229716376
2.096849058
1.999375161
1.932981698
1.874918961
1.832748859
1.804284776
1.77817862
1.765447962
1.769532869
1.770034459
1.773066978
1.773804643
1.763474451
1.754648216
1.766334317
1.795133673
1.810513026
1.825421078
1.83818829
1.839606255
1.866908084
1.94072931
2.017545712
2.069111243
2.070759548
1.960923345
1.753208876
1.596483049
1.334344543
